function o = CV02_parameters()
    % makes bs.parameters.txt's most important numbers matlab-readable

    % I am not sure whether R1/T1 or R/t are correct...
    o = struct();

    o.Rr = [
   0.92848  -0.12930   0.34815
   0.00000   0.93744   0.34815
  -0.37139  -0.32325   0.87039];

o.Tr = [
  2.0
  2.0
  5.0
  ];


o.Rl = [
   1.00000   0.00000   0.00000
   0.00000   0.92848   0.37139
   0.00000  -0.37139   0.92848
];

o.Tl= [
  0.0
  2.0
  5.0
];

o.T1 = [1.85695
    -0.258598
    0.69631];
    
o.R1 = [
    0.92848, 0., 0.
    0., 0.870389, -0.129299
    0., -0.120051, 0.808135
    ];
    

o.K = [
   -83.33333     0.00000   250.00000
     0.00000   -83.33333   250.00000
     0.00000     0.00000     1.00000
    ];

o.fr = 4.0;

o.fl = 4.0;

o.F = [
    0.0000    0.0000   -0.0038
    0.0000   -0.0000   -0.0092
   -0.0000    0.0069    0.9999
    ];

o.E = [
    0.0002    0.0676    0.1112
    0.0013   -0.0095    0.7929
   -0.0007   -0.7491   -0.0001
    ];
    
o.t = [
    0.7657
   -0.1074
    0.0705
];

o.R = [
 0.928476, 0.13793, -0.344823
 -0.129299, 0.990443, 0.048024
 0.348155, -3.67176*10^-6, 0.937442
    ];
    
