function [points1, points2] = CV02_bscp_points()
  % for bs.left|right.cp.jpg
  % constructed with cpselect_1
  points1 = [
   68.7500  208.7500
   25.7500  174.2500
   62.2500  114.2500
  145.7500  156.7500
  192.2500  136.2500
  199.7500  199.2500
  230.0000   93.2500
  118.0000  112.2500
  ];


points2 = [
   60.2500  204.7500
   19.7500  167.2500
   59.7500  107.2500
  127.7500  158.2500
  175.7500  140.2500
  181.7500  201.7500
  212.2500  100.2500
  100.2500  112.7500
  ];