function [points1, points2] = CV02_bscp_points2()
  % for bs.left|right.cp.jpg
  % constructed with cpselect_2
  points1 = [
   68.7449  210.1038
  123.8488  259.6275
  167.0948  265.9052
  216.6185  253.3499
  144.7743  157.7901
  232.6614   75.4831
  117.5711  112.4515
  235.4515  120.1242
];

points2 = [
   60.3747  205.2212
  106.4108  259.6275
  151.7494  265.9052
  197.7856  251.9549
  128.0339  158.4876
  215.9210   81.0632
  100.8307  113.1490
  219.4086  125.7043
  ];